100 200 34 9 399
81 156
6 31
3 186
119 27
12 70
9 93
2 117
70 81
24 199
8 62
0 104
0 73
14 110
0 114
4 176
4 151
16 169
0 151
39 113
54 148
11 58
98 123
27 181
42 114
69 105
3 156
45 50
14 35
4 5
30 78
36 125
1 160
4 151
45 141
20 63
0 126
36 150
2 148
36 107
91 81
5 157
37 176
76 2
4 14
12 195
0 104
41 131
0 77
80 79
3 136
63 26
20 106
27 148
13 126
17 108
32 153
3 181
0 103
43 200
158 7
24 127
6 199
3 56
15 121
3 30
13 167
12 91
2 135
12 154
14 115
13 99
1 0
96 103
15 22
16 180
0 109
4 156
3 71
0 66
38 14
36 181
1 170
74 48
23 158
41 169
2 73
4 95
40 194
5 152
7 116
3 185
62 115
53 133
19 130
7 26
2 176
36 8
77 175
8 186
20 20
63 85 12
40 80 51
20 7 52
93 54 82
11 1 31
8 64 157
86 63 78
21 12 67
26 63 13
74 87 22
23 78 189
89 40 183
49 39 3
37 3 187
39 61 43
69 24 133
55 47 159
43 2 93
26 76 67
36 9 68
61 48 27
12 66 173
92 61 30
56 73 188
17 32 195
35 54 39
13 17 90
61 71 128
83 33 120
50 41 99
92 89 181
58 34 123
71 10 97
87 59 189
83 14 133
92 22 168
2 50 178
13 62 137
20 21 2
59 50 161
47 92 179
86 78 70
12 94 188
13 91 66
66 13 5
68 15 156
43 59 26
14 11 67
67 32 36
100 43 193
29 3 37
32 22 154
23 72 172
44 68 165
35 93 99
7 21 105
25 84 115
23 76 144
14 58 151
31 83 125
96 70 83
59 25 74
16 19 82
55 32 93
19 90 99
13 55 15
48 98 8
5 21 66
33 81 93
18 20 183
60 50 200
87 99 12
70 24 133
32 47 156
64 36 51
13 94 14
25 2 31
13 92 194
9 65 187
42 69 115
48 71 53
7 94 43
95 86 48
45 27 39
4 12 151
91 71 150
24 100 84
79 38 175
80 71 65
82 83 88
41 31 97
98 93 47
77 19 116
100 59 100
44 15 42
1 33 56
17 62 27
85 100 162
33 84 48
34 44 121
30 37 200
97 88 83
39 48 159
86 98 7
98 63 173
43 87 40
77 16 151
82 31 168
46 17 114
42 78 47
75 27 138
88 67 79
56 53 45
41 82 187
61 3 123
61 10 107
18 7 65
10 72 82
52 60 178
37 76 73
51 84 71
12 62 47
54 74 54
37 96 174
91 97 33
84 68 188
33 51 78
83 58 6
42 26 145
90 36 83
25 31 127
76 98 156
21 17 73
3 86 156
79 47 175
83 51 110
19 45 52
11 33 113
47 22 161
76 63 145
54 96 45
17 10 192
93 74 102
34 11 147
15 75 105
78 26 197
69 85 189
84 44 22
48 10 170
78 76 45
30 76 179
18 21 55
37 95 13
88 79 28
60 83 52
42 98 65
72 37 3
17 88 78
80 61 14
53 77 121
65 6 172
96 24 71
75 73 26
37 78 76
86 42 47
68 75 51
91 23 148
18 4 69
55 49 180
38 23 199
67 22 67
47 57 47
99 59 173
99 31 35
66 67 106
100 2 85
11 84 181
80 49 79
89 71 80
28 35 132
66 91 75
38 55 55
93 87 89
64 90 160
80 39 29
22 89 69
58 11 25
75 16 161
3 54 153
27 8 46
76 69 82
81 51 157
79 57 84
73 53 44
66 97 34
60 41 69
14 33 13
38 47 149
28 50 187
69 93 10
